60_	1	0	3149
42_60_	2	0	2688
42_48_60_	3	0	2550
34_42_48_60_	4	0	2440
34_42_48_60_66_	5	0	2378
42_48_60_66_	4	0	2483
42_48_66_	3	0	2483
48_66_	2	0	2873
42_48_	2	0	2564
36_42_48_	3	0	2539
29_42_48_	3	0	2552
29_42_48_62_	4	0	2436
29_42_48_62_66_	5	0	2365
29_42_48_66_	4	0	2475
36_42_48_66_	4	0	2458
7_36_42_48_66_	5	0	2351
7_29_36_42_48_66_	6	0	2347
7_29_36_48_66_	5	1	2728
7_29_36_48_62_66_	6	0	2599
7_29_36_48_56_62_66_	7	0	2480
7_29_48_56_62_66_	6	0	2506
7_29_36_62_66_	5	1	2676
7_29_36_66_	4	1	2805
7_29_36_52_62_66_	6	0	2665
7_29_36_52_58_62_66_	7	0	2665
7_25_29_36_52_58_62_66_	8	0	2405
7_25_29_36_48_52_58_62_66_	9	0	2358
7_25_29_36_48_52_58_62_	8	0	2475
7_25_29_36_52_62_66_	7	0	2405
7_25_36_52_62_66_	6	0	2409
7_25_29_36_62_66_	6	0	2415
7_25_29_36_66_	5	1	2530
7_25_29_36_52_66_	6	0	2520
25_29_36_52_66_	5	0	2631
25_36_52_66_	4	0	2639
25_36_48_52_66_	5	0	2592
25_36_48_52_56_66_	6	0	2435
25_36_48_52_56_	5	0	2563
25_34_36_48_52_56_	6	0	2434
25_34_36_48_52_56_60_	7	0	2416
25_34_36_48_52_60_	6	0	2556
25_34_36_40_48_52_60_	7	0	2534
25_34_36_48_52_60_66_	7	0	2464
25_34_36_52_60_66_	6	0	2511
25_36_52_60_66_	5	0	2639
25_29_36_52_60_66_	6	0	2631
5_25_36_52_60_66_	6	0	2464
5_25_52_60_66_	5	0	2530
5_25_40_52_60_66_	6	0	2510
5_25_29_40_52_60_66_	7	0	2506
5_25_29_40_52_66_	6	0	2506
5_25_29_40_66_	5	1	2516
5_25_40_66_	4	0	2520
5_25_40_56_66_	5	0	2365
5_25_29_40_56_66_	6	0	2361
5_25_29_40_56_60_66_	7	0	2361
5_25_29_40_56_58_60_66_	8	0	2360
5_25_40_56_58_60_66_	7	0	2364
5_25_40_56_58_66_	6	0	2364
5_25_40_58_66_	5	0	2519
5_40_58_66_	4	0	2811
5_40_52_58_66_	5	0	2800
5_40_42_58_66_	5	0	2460
5_40_42_58_62_66_	6	0	2367
5_40_56_58_66_	5	0	2644
5_40_58_62_66_	5	0	2712
5_40_52_58_62_66_	6	0	2701
5_40_52_58_64_66_	6	0	2367
5_40_58_64_66_	5	0	2368
5_40_58_64_	4	0	2487
5_40_58_	3	0	2949
5_58_	2	0	2970
5_40_52_58_	4	0	2938
5_9_40_52_58_66_	6	0	2529
5_9_52_58_66_	5	1	2546
5_9_52_58_62_66_	6	0	2448
5_9_52_62_66_	5	1	2448
5_9_34_52_62_66_	6	0	2390
5_9_34_40_52_62_66_	7	0	2381
5_9_34_40_62_66_	6	0	2389
5_9_34_62_66_	5	1	2398
5_34_62_66_	4	0	2647
34_62_66_	3	0	2766
7_34_62_66_	4	0	2657
7_25_34_62_66_	5	0	2369
7_25_34_62_	4	0	2489
7_25_34_40_62_	5	0	2477
7_25_34_40_56_62_	6	0	2379
7_25_34_40_56_	5	0	2452
7_25_34_56_	4	0	2475
7_25_34_40_52_56_	6	0	2448
7_34_40_52_56_	5	0	2762
7_9_34_40_52_56_	6	0	2519
7_9_34_40_52_56_60_	7	0	2482
5_7_9_34_40_52_56_60_	8	0	2361
5_7_34_40_52_56_60_	7	0	2578
5_7_34_52_56_60_	6	0	2596
5_7_34_52_60_	5	0	2729
5_7_34_52_60_62_	6	0	2619
3_5_7_34_52_60_	6	0	2460
3_5_7_34_52_56_60_	7	0	2348
3_5_7_34_52_58_60_	7	0	2460
3_7_34_52_58_60_	6	0	2591
7_34_52_58_60_	5	0	2875
7_34_52_58_	4	0	2920
7_34_52_	3	0	2921
7_34_52_64_	4	0	2425
7_52_64_	3	0	2517
7_52_56_64_	4	0	2397
7_52_56_	3	0	2914
3_7_52_56_	4	0	2626
3_7_9_52_56_	5	0	2394
3_7_52_56_58_	5	0	2626
3_7_29_52_56_58_	6	0	2626
3_7_29_52_56_	5	0	2626
3_7_29_52_56_62_	6	0	2549
3_7_29_52_56_60_	6	0	2592
3_7_29_48_52_56_60_	7	0	2437
3_29_48_52_56_60_	6	0	2511
3_29_48_52_56_60_62_	7	0	2435
3_48_52_56_60_	5	0	2511
3_7_48_52_56_60_	6	0	2437
3_7_48_52_56_60_66_	7	0	2351
3_7_48_52_56_66_	6	0	2351
3_48_52_56_66_	5	0	2424
48_52_56_66_	4	0	2693
7_48_52_56_66_	5	0	2596
7_48_52_66_	4	0	2747
7_34_48_52_66_	5	0	2620
34_48_52_66_	4	0	2729
34_48_52_56_66_	5	0	2577
34_40_48_52_56_66_	6	0	2556
34_52_56_66_	4	0	2725
34_36_52_56_66_	5	0	2628
34_36_52_66_	4	0	2780
29_34_36_52_66_	5	0	2776
3_29_34_36_52_66_	6	0	2484
3_29_34_36_52_60_66_	7	0	2484
3_34_36_52_60_66_	6	0	2484
3_34_36_52_58_60_66_	7	0	2484
3_34_36_58_60_66_	6	0	2491
3_34_36_58_66_	5	0	2491
3_34_36_40_58_66_	6	0	2470
3_36_40_58_66_	5	0	2586
3_36_40_48_58_66_	6	0	2513
36_40_48_58_66_	5	0	2822
36_40_48_58_64_66_	6	0	2349
9_36_40_48_58_66_	6	0	2519
9_36_40_48_56_58_66_	7	0	2397
9_36_40_48_58_	5	0	2642
9_36_48_58_	4	0	2664
5_9_36_48_58_	5	0	2473
5_9_36_48_	4	0	2474
5_36_48_	3	0	2762
5_36_	2	0	2874
5_36_60_	3	0	2827
5_25_36_60_	4	0	2555
5_25_60_	3	0	2621
5_7_25_60_	4	0	2512
5_7_25_	3	1	2540
7_25_	2	0	2743
3_7_25_	3	0	2447
3_7_25_62_	4	0	2345
3_25_62_	3	0	2418
3_25_	2	0	2520
3_7_25_29_	4	0	2447
3_7_29_	3	1	2765
3_7_29_40_	4	0	2739
3_7_29_40_66_	5	1	2606
3_7_29_36_40_	5	0	2646
3_7_29_36_	4	0	2672
3_7_36_	3	0	2672
3_36_	2	0	2746
3_36_58_	3	0	2746
3_29_36_58_	4	0	2746
29_36_58_	3	0	3083
29_36_46_58_	4	0	2457
7_29_36_46_58_	5	0	2345
36_46_58_	3	0	2472
46_58_	2	0	2555
46_58_60_	3	0	2516
46_58_60_62_	4	0	2411
58_60_62_	3	0	3014
9_58_60_62_	4	0	2711
9_58_62_	3	0	2750
9_29_58_62_	4	0	2742
9_62_	2	0	2750
9_	1	1	2874
3_9_	2	0	2571
3_9_60_	3	0	2545
3_60_	2	0	2805
3_7_60_	3	0	2731
3_25_60_	3	0	2494
3_25_56_60_	4	0	2370
3_56_60_	3	0	2670
3_5_56_60_	4	0	2477
3_5_56_58_60_	5	0	2477
3_5_52_56_60_	5	0	2473
5_52_56_60_	4	0	2751
5_9_52_56_60_	5	0	2522
5_42_52_56_60_	5	0	2387
5_42_52_56_	4	0	2413
5_42_52_56_58_	5	0	2412
5_42_56_58_	4	0	2417
5_40_42_56_58_	5	0	2404
40_42_56_58_	4	0	2553
40_56_58_	3	0	2995
40_56_58_62_	4	0	2909
56_58_62_	3	0	2923
56_58_62_64_	4	0	2420
56_58_64_	3	0	2497
56_64_	2	0	2498
64_	1	0	2631
9_64_	2	0	2365
9_58_64_	3	0	2364
9_58_	2	0	2873
9_25_58_	3	0	2542
9_42_58_	3	0	2445
9_40_58_64_	4	0	2364
40_58_64_	3	0	2629
3_40_58_64_	4	0	2352
3_40_52_58_64_	5	0	2351
3_52_58_64_	4	0	2352
52_58_64_	3	0	2629
34_52_58_64_	4	0	2529
36_52_58_64_	4	0	2549
36_52_58_62_64_	5	0	2443
29_36_52_58_62_64_	6	0	2428
29_36_58_62_64_	5	0	2429
36_58_62_64_	4	0	2444
36_58_60_62_64_	5	0	2398
58_60_62_64_	4	0	2478
46_52_58_60_62_	5	0	2400
46_52_58_62_	4	0	2438
46_52_58_60_	4	0	2505
46_52_60_	3	0	2506
52_60_	2	0	3138
25_52_60_	3	0	2822
3_25_52_60_	4	0	2486
3_25_52_60_62_	5	0	2385
3_25_52_62_	4	0	2410
3_25_52_	3	0	2512
3_7_25_60_	4	0	2421
3_25_34_	3	0	2392
25_34_	2	0	2712
34_	1	0	3040
34_64_	2	0	2531
34_52_64_	3	0	2530
34_52_	2	0	3031
52_	1	0	3185
42_52_	2	0	2708
3_42_52_	3	0	2406
9_42_52_	3	0	2441
9_40_42_52_	4	0	2426
9_29_42_52_	4	0	2433
42_52_64_	3	0	2463
42_64_	2	0	2464
42_60_64_	3	0	2438
42_52_60_64_	4	0	2437
42_52_60_	3	0	2682
9_42_52_60_	4	0	2418
9_42_60_	3	0	2423
9_29_34_42_52_	5	0	2351
9_34_42_52_	4	0	2353
9_52_	2	0	2866
5_9_52_	3	1	2675
5_7_9_52_	4	1	2564
5_7_9_	3	1	2572
5_7_	2	1	2859
3_5_7_	3	1	2568
3_5_7_56_	4	0	2440
3_5_	2	0	2639
3_	1	0	2839
31_60_	2	0	2509
7_31_60_	3	0	2419
31_	1	0	2526
3_31_	2	0	2360
7_31_	2	0	2435
31_40_	2	0	2513
40_	1	0	3170
40_44_	2	0	2586
5_40_44_	3	0	2440
44_	1	0	2612
25_44_	2	0	2352
	0	0	3196
3_64_	2	0	2353
3_42_	2	0	2411
3_42_60_	3	0	2398
3_42_60_66_	4	0	2344
3_42_66_	3	0	2344
3_66_	2	0	2703
3_29_64_	3	0	2353
3_29_40_64_	4	0	2352
3_40_64_	3	0	2352
3_40_	2	0	2813
3_31_40_	3	0	2347
3_29_31_40_	4	0	2347
29_31_40_	3	0	2504
29_31_	2	0	2517
3_29_31_	3	0	2360
3_29_	2	0	2839
3_9_29_	3	1	2571
3_9_48_	3	0	2404
3_40_42_	3	0	2394
3_25_40_	3	0	2494
3_25_36_40_	4	0	2432
3_25_34_40_	4	0	2369
25_40_	2	0	2834
25_	1	0	2860
5_25_	2	0	2649
9_44_	2	0	2353
44_48_	2	0	2439
48_	1	0	3013
46_48_	2	0	2404
3_48_	2	0	2672
3_48_62_	3	0	2557
3_62_	2	0	2724
62_	1	0	3060
5_62_	2	0	2859
5_	1	1	2971
5_46_	2	0	2385
5_48_	2	0	2788
5_9_48_	3	1	2500
5_42_	2	0	2562
5_42_60_	3	0	2536
5_36_42_60_	4	0	2448
5_29_36_42_60_	5	0	2444
36_60_	2	0	3052
31_36_60_	3	0	2424
3_36_60_	3	0	2712
3_36_40_60_	4	0	2687
3_5_36_40_60_	5	0	2492
3_5_40_60_	4	0	2585
3_5_7_36_40_60_	6	0	2421
3_5_7_36_60_	5	0	2441
3_7_36_60_	4	0	2638
3_7_25_36_	4	0	2385
3_25_36_	3	0	2458
72_	1	0	2345
52_72_	2	0	2345
60_72_	2	0	2345
42_	1	0	2714
74_	1	1	2407
42_62_	2	0	2598
5_42_62_	3	0	2459
5_29_42_62_	4	0	2453
5_29_62_	3	1	2852
29_62_	2	0	3045
17_29_62_	3	1	2354
17_29_	2	1	2486
17_	1	1	2500
17_56_	2	0	2362
56_	1	0	3021
9_56_	2	0	2752
9_56_60_	3	0	2713
3_9_56_60_	4	0	2445
3_9_56_60_62_	5	0	2371
9_56_60_62_	4	0	2618
5_9_56_60_62_	5	0	2448
9_60_62_	3	0	2711
9_60_	2	0	2835
9_42_	2	0	2446
3_29_42_66_	4	0	2344
29_42_66_	3	1	2604
29_34_42_66_	4	0	2503
29_34_66_	3	1	2882
29_34_40_66_	4	0	2861
29_34_40_52_66_	5	0	2852
29_40_52_66_	4	0	2978
40_52_66_	3	0	2986
40_52_	2	0	3159
17_40_52_	3	0	2463
7_17_40_52_	4	0	2385
7_17_40_	3	1	2396
17_40_	2	0	2474
17_40_60_	3	0	2432
17_60_	2	0	2457
17_58_60_	3	0	2456
17_58_	2	0	2499
7_17_58_	3	1	2421
17_62_	2	0	2368
17_58_62_	3	0	2368
44_62_	2	0	2522
5_44_62_	3	0	2377
5_44_	2	0	2461
5_44_60_	3	0	2414
5_29_	2	1	2964
5_7_29_	3	1	2856
5_7_29_48_	4	1	2673
7_29_48_	3	1	2886
29_48_	2	0	2998
5_29_48_	3	1	2781
31_48_	2	0	2359
31_52_	2	0	2515
31_52_62_	3	0	2398
31_62_	2	0	2409
31_58_	2	0	2526
3_31_58_	3	0	2360
3_31_52_	3	0	2351
5_31_	2	0	2367
5_31_58_	3	0	2367
31_58_66_	3	0	2424
58_	1	0	3195
42_58_	2	0	2713
7_42_58_	3	0	2602
7_42_58_64_	4	0	2358
7_42_64_	3	0	2359
7_42_52_64_	4	0	2358
5_29_31_	3	1	2363
29_31_56_	3	0	2362
29_31_52_56_	4	0	2357
29_56_	2	0	3006
17_29_56_	3	1	2348
3_34_	2	0	2706
3_34_58_	3	0	2706
3_9_34_58_	4	0	2466
3_5_34_	3	0	2572
5_34_	2	0	2889
5_9_34_	3	1	2622
5_9_34_56_	4	0	2508
9_34_56_	3	0	2637
9_34_56_58_	4	0	2636
9_56_58_	3	0	2751
5_29_31_58_	4	0	2363
29_31_58_	3	0	2517
31_56_58_	3	0	2371
56_58_	2	0	3020
58_64_	2	0	2630
29_58_	2	0	3180
9_29_58_	3	1	2865
9_29_58_64_	4	0	2356
29_58_64_	3	0	2615
5_29_58_64_	4	0	2481
44_58_	2	0	2611
44_58_62_	3	0	2522
58_62_	2	0	3060
46_58_62_	3	0	2449
46_62_	2	0	2449
46_	1	0	2556
5_29_46_	3	1	2378
29_46_	2	0	2541
29_46_60_	3	0	2504
29_46_52_60_	4	0	2493
29_34_46_52_60_	5	0	2379
34_46_52_60_	4	0	2383
34_46_60_	3	0	2392
34_60_	2	0	2995
46_60_	2	0	2517
29_44_62_	3	0	2507
29_44_	2	0	2597
44_52_	2	0	2601
7_46_	2	0	2436
7_29_46_	3	1	2429
29_	1	1	3181
29_74_	2	1	2392
29_60_74_	3	1	2347
60_74_	2	0	2360
9_29_	2	1	2866
9_29_62_	3	1	2742
40_42_	2	0	2697
9_40_42_	3	0	2431
9_36_42_	3	0	2358
36_42_	2	0	2626
36_42_64_	3	0	2388
5_36_42_	3	0	2474
36_42_60_	3	0	2600
36_42_62_	3	0	2510
36_42_60_64_	4	0	2362
42_64_66_	3	0	2379
42_60_64_66_	4	0	2379
64_66_	2	0	2497
9_44_52_	3	0	2345
44_52_62_	3	0	2511
46_56_	2	0	2405
46_52_62_	3	0	2438
52_62_	2	0	3049
29_40_74_	3	1	2366
34_44_	2	0	2480
29_34_44_	3	0	2476
29_34_44_56_	4	0	2350
29_34_	2	0	3036
29_34_40_	3	0	3013
29_34_40_46_	4	0	2404
29_34_46_	3	0	2425
34_46_	2	0	2429
29_60_72_	3	0	2345
17_66_	2	1	2349
17_34_	2	0	2376
58_72_	2	0	2345
29_72_	2	0	2345
29_42_	2	0	2702
7_29_42_	3	1	2599
7_29_42_48_	4	0	2449
7_42_48_	3	0	2453
7_48_	2	0	2893
48_64_	2	0	2478
36_	1	0	3099
25_29_42_	3	0	2406
25_42_	2	0	2416
31_36_	2	0	2441
7_17_	2	1	2422
17_36_	2	0	2404
17_36_60_	3	0	2361
25_62_	2	0	2738
25_48_62_	3	0	2627
48_62_	2	0	2877
44_48_62_	3	0	2349
48_60_66_	3	0	2873
48_60_64_66_	4	0	2373
36_48_60_64_66_	5	0	2350
36_48_60_66_	4	0	2847
3_36_48_60_66_	5	0	2537
36_42_48_60_66_	5	0	2458
66_	1	1	3021
25_48_66_	3	0	2621
25_66_	2	0	2715
25_52_66_	3	0	2705
9_25_52_66_	4	0	2402
9_25_66_	3	1	2409
9_25_	2	0	2543
9_25_62_	3	0	2433
3_7_9_	3	1	2498
7_9_	2	1	2755
5_9_	2	1	2683
3_5_62_	3	0	2546
3_5_52_62_	4	0	2537
3_9_56_	3	0	2471
7_42_	2	0	2603
52_74_	2	0	2396
52_58_74_	3	0	2395
40_74_	2	0	2381
58_74_	2	0	2406
29_52_74_	3	1	2381
29_58_74_	3	1	2391
29_58_60_74_	4	0	2346
29_46_58_	3	0	2540
29_46_48_	3	0	2389
7_64_	2	0	2518
9_29_64_	3	1	2357
9_29_42_	3	1	2438
17_40_62_	3	0	2353
17_52_	2	0	2489
